504 632
2 64 64 
1 64 

2 1 68 4 141 XOR
2 1 1 65 451 XOR
3 1 0 451 64 403 AND
2 1 67 3 134 XOR
2 1 2 66 409 XOR
3 1 403 134 409 139 AND
1 1 67 128 INV
1 1 3 414 INV
2 1 128 414 129 AND
1 1 129 137 INV
2 1 2 66 130 AND
1 1 130 133 INV
3 1 1 409 65 131 AND
1 1 131 132 INV
2 1 133 132 412 AND
2 1 412 134 135 AND
1 1 135 136 INV
2 1 137 136 138 AND
2 1 139 138 140 XOR
2 1 141 140 572 XOR
1 1 7 142 INV
1 1 71 417 INV
2 1 142 417 143 AND
1 1 143 158 INV
2 1 7 71 144 AND
1 1 144 155 INV
2 1 5 69 145 AND
1 1 145 148 INV
2 1 5 69 477 XOR
3 1 68 4 477 146 AND
1 1 146 147 INV
2 1 148 147 149 AND
1 1 149 502 INV
2 1 70 502 150 AND
1 1 150 154 INV
2 1 70 502 151 XOR
2 1 151 6 152 AND
1 1 152 153 INV
2 1 154 153 418 AND
2 1 155 418 156 AND
1 1 156 157 INV
2 1 158 157 159 AND
2 1 159 72 160 XOR
2 1 160 8 576 XOR
2 1 12 76 174 XOR
2 1 10 74 444 XOR
2 1 75 11 167 XOR
2 1 9 73 443 XOR
3 1 8 443 72 437 AND
3 1 444 167 437 172 AND
1 1 75 161 INV
1 1 11 449 INV
2 1 161 449 162 AND
1 1 162 170 INV
2 1 10 74 163 AND
1 1 163 166 INV
3 1 9 73 444 164 AND
1 1 164 165 INV
2 1 166 165 447 AND
2 1 447 167 168 AND
1 1 168 169 INV
2 1 170 169 171 AND
2 1 172 171 173 XOR
2 1 174 173 580 XOR
1 1 15 175 INV
1 1 79 461 INV
2 1 175 461 176 AND
1 1 176 191 INV
2 1 15 79 177 AND
1 1 177 188 INV
2 1 13 77 178 AND
1 1 178 181 INV
2 1 13 77 563 XOR
3 1 76 563 12 179 AND
1 1 179 180 INV
2 1 181 180 182 AND
1 1 182 478 INV
2 1 78 478 183 AND
1 1 183 187 INV
2 1 78 478 184 XOR
2 1 184 14 185 AND
1 1 185 186 INV
2 1 187 186 462 AND
2 1 188 462 189 AND
1 1 189 190 INV
2 1 191 190 192 AND
2 1 192 16 193 XOR
2 1 193 80 584 XOR
2 1 84 20 207 XOR
2 1 17 81 519 XOR
3 1 80 519 16 496 AND
2 1 83 19 200 XOR
2 1 18 82 504 XOR
3 1 496 200 504 205 AND
1 1 83 194 INV
1 1 19 509 INV
2 1 194 509 195 AND
1 1 195 203 INV
2 1 18 82 196 AND
1 1 196 199 INV
3 1 17 504 81 197 AND
1 1 197 198 INV
2 1 199 198 507 AND
2 1 507 200 201 AND
1 1 201 202 INV
2 1 203 202 204 AND
2 1 205 204 206 XOR
2 1 207 206 588 XOR
2 1 88 24 221 XOR
2 1 22 86 538 XOR
2 1 87 23 214 XOR
2 1 21 85 537 XOR
3 1 20 537 84 528 AND
3 1 538 214 528 219 AND
1 1 87 208 INV
1 1 23 543 INV
2 1 208 543 209 AND
1 1 209 217 INV
2 1 22 86 210 AND
1 1 210 213 INV
3 1 21 85 538 211 AND
1 1 211 212 INV
2 1 213 212 541 AND
2 1 541 214 215 AND
1 1 215 216 INV
2 1 217 216 218 AND
2 1 219 218 220 XOR
2 1 221 220 592 XOR
1 1 27 222 INV
1 1 91 534 INV
2 1 222 534 223 AND
1 1 223 238 INV
2 1 27 91 224 AND
1 1 224 235 INV
2 1 25 89 225 AND
1 1 225 228 INV
2 1 25 89 548 XOR
3 1 88 24 548 226 AND
1 1 226 227 INV
2 1 228 227 229 AND
1 1 229 549 INV
2 1 90 549 230 AND
1 1 230 234 INV
2 1 90 549 231 XOR
2 1 231 26 232 AND
1 1 232 233 INV
2 1 234 233 535 AND
2 1 235 535 236 AND
1 1 236 237 INV
2 1 238 237 239 AND
2 1 239 92 240 XOR
2 1 240 28 596 XOR
2 1 96 32 254 XOR
2 1 30 94 512 XOR
2 1 95 31 247 XOR
2 1 29 93 511 XOR
3 1 28 511 92 470 AND
3 1 512 247 470 252 AND
1 1 95 241 INV
1 1 31 517 INV
2 1 241 517 242 AND
1 1 242 250 INV
2 1 30 94 243 AND
1 1 243 246 INV
3 1 29 93 512 244 AND
1 1 244 245 INV
2 1 246 245 515 AND
2 1 515 247 248 AND
1 1 248 249 INV
2 1 250 249 251 AND
2 1 252 251 253 XOR
2 1 254 253 600 XOR
2 1 100 36 268 XOR
2 1 34 98 427 XOR
2 1 99 35 261 XOR
2 1 33 97 426 XOR
3 1 32 426 96 420 AND
3 1 427 261 420 266 AND
1 1 99 255 INV
1 1 35 432 INV
2 1 255 432 256 AND
1 1 256 264 INV
2 1 34 98 257 AND
1 1 257 260 INV
3 1 33 97 427 258 AND
1 1 258 259 INV
2 1 260 259 430 AND
2 1 430 261 262 AND
1 1 262 263 INV
2 1 264 263 265 AND
2 1 266 265 267 XOR
2 1 268 267 604 XOR
2 1 104 40 282 XOR
2 1 38 102 481 XOR
2 1 103 39 275 XOR
2 1 37 101 480 XOR
3 1 36 480 100 464 AND
3 1 481 275 464 280 AND
1 1 103 269 INV
1 1 39 486 INV
2 1 269 486 270 AND
1 1 270 278 INV
2 1 38 102 271 AND
1 1 271 274 INV
3 1 37 101 481 272 AND
1 1 272 273 INV
2 1 274 273 484 AND
2 1 484 275 276 AND
1 1 276 277 INV
2 1 278 277 279 AND
2 1 280 279 281 XOR
2 1 282 281 608 XOR
2 1 44 108 296 XOR
2 1 42 106 552 XOR
2 1 107 43 289 XOR
2 1 41 105 551 XOR
3 1 40 551 104 522 AND
3 1 552 289 522 294 AND
1 1 107 283 INV
1 1 43 557 INV
2 1 283 557 284 AND
1 1 284 292 INV
2 1 42 106 285 AND
1 1 285 288 INV
3 1 41 105 552 286 AND
1 1 286 287 INV
2 1 288 287 555 AND
2 1 555 289 290 AND
1 1 290 291 INV
2 1 292 291 293 AND
2 1 294 293 295 XOR
2 1 296 295 612 XOR
2 1 112 48 310 XOR
2 1 45 109 545 XOR
3 1 108 545 44 378 AND
2 1 111 47 303 XOR
2 1 46 110 384 XOR
3 1 378 303 384 308 AND
1 1 111 297 INV
1 1 47 389 INV
2 1 297 389 298 AND
1 1 298 306 INV
2 1 46 110 299 AND
1 1 299 302 INV
3 1 45 384 109 300 AND
1 1 300 301 INV
2 1 302 301 387 AND
2 1 387 303 304 AND
1 1 304 305 INV
2 1 306 305 307 AND
2 1 308 307 309 XOR
2 1 310 309 616 XOR
2 1 116 52 324 XOR
2 1 50 114 489 XOR
2 1 115 51 317 XOR
2 1 49 113 488 XOR
3 1 48 488 112 454 AND
3 1 489 317 454 322 AND
1 1 115 311 INV
1 1 51 494 INV
2 1 311 494 312 AND
1 1 312 320 INV
2 1 50 114 313 AND
1 1 313 316 INV
3 1 49 113 489 314 AND
1 1 314 315 INV
2 1 316 315 492 AND
2 1 492 317 318 AND
1 1 318 319 INV
2 1 320 319 321 AND
2 1 322 321 323 XOR
2 1 324 323 620 XOR
2 1 120 56 338 XOR
2 1 54 118 392 XOR
2 1 119 55 331 XOR
2 1 53 117 391 XOR
3 1 52 391 116 372 AND
3 1 392 331 372 336 AND
1 1 119 325 INV
1 1 55 397 INV
2 1 325 397 326 AND
1 1 326 334 INV
2 1 54 118 327 AND
1 1 327 330 INV
3 1 53 117 392 328 AND
1 1 328 329 INV
2 1 330 329 395 AND
2 1 395 331 332 AND
1 1 332 333 INV
2 1 334 333 335 AND
2 1 336 335 337 XOR
2 1 338 337 624 XOR
1 1 59 339 INV
1 1 123 399 INV
2 1 339 399 340 AND
1 1 340 355 INV
2 1 59 123 341 AND
1 1 341 352 INV
2 1 57 121 342 AND
1 1 342 345 INV
2 1 57 121 560 XOR
3 1 120 56 560 343 AND
1 1 343 344 INV
2 1 345 344 346 AND
1 1 346 561 INV
2 1 122 561 347 AND
1 1 347 351 INV
2 1 122 561 348 XOR
2 1 348 58 349 AND
1 1 349 350 INV
2 1 351 350 400 AND
2 1 352 400 353 AND
1 1 353 354 INV
2 1 355 354 356 AND
2 1 356 124 357 XOR
2 1 357 60 628 XOR
2 1 63 127 369 XOR
2 1 61 125 358 AND
1 1 358 361 INV
2 1 61 125 434 XOR
3 1 60 434 124 359 AND
1 1 359 360 INV
2 1 361 360 565 AND
2 1 126 62 362 XOR
2 1 565 362 363 AND
1 1 363 367 INV
1 1 126 364 INV
1 1 62 566 INV
2 1 364 566 365 AND
1 1 365 366 INV
2 1 367 366 368 AND
2 1 369 368 631 XOR
2 1 64 0 568 XOR
2 1 116 52 370 AND
2 1 370 391 621 XOR
2 1 84 20 371 AND
2 1 371 537 589 XOR
1 1 372 375 INV
2 1 53 117 373 AND
1 1 373 374 INV
2 1 375 374 376 AND
1 1 376 377 INV
2 1 377 392 622 XOR
1 1 378 381 INV
2 1 45 109 379 AND
1 1 379 380 INV
2 1 381 380 382 AND
1 1 382 383 INV
2 1 383 384 614 XOR
4 1 44 108 545 384 385 AND
1 1 385 386 INV
2 1 387 386 388 AND
2 1 111 388 390 XOR
2 1 390 389 615 XOR
4 1 116 52 392 391 393 AND
1 1 393 394 INV
2 1 395 394 396 AND
2 1 119 396 398 XOR
2 1 398 397 623 XOR
2 1 59 399 401 XOR
2 1 401 400 627 XOR
2 1 92 28 402 AND
2 1 402 511 597 XOR
1 1 403 406 INV
2 1 1 65 404 AND
1 1 404 405 INV
2 1 406 405 407 AND
1 1 407 408 INV
2 1 408 409 570 XOR
4 1 64 0 451 409 410 AND
1 1 410 411 INV
2 1 412 411 413 AND
2 1 67 413 415 XOR
2 1 415 414 571 XOR
2 1 96 32 416 AND
2 1 416 426 601 XOR
2 1 7 417 419 XOR
2 1 419 418 575 XOR
1 1 420 423 INV
2 1 33 97 421 AND
1 1 421 422 INV
2 1 423 422 424 AND
1 1 424 425 INV
2 1 425 427 602 XOR
4 1 96 32 427 426 428 AND
1 1 428 429 INV
2 1 430 429 431 AND
2 1 99 431 433 XOR
2 1 433 432 603 XOR
2 1 124 60 435 AND
2 1 435 434 629 XOR
2 1 72 8 436 AND
2 1 436 443 577 XOR
1 1 437 440 INV
2 1 9 73 438 AND
1 1 438 439 INV
2 1 440 439 441 AND
1 1 441 442 INV
2 1 442 444 578 XOR
4 1 72 8 444 443 445 AND
1 1 445 446 INV
2 1 447 446 448 AND
2 1 75 448 450 XOR
2 1 450 449 579 XOR
2 1 64 0 452 AND
2 1 452 451 569 XOR
2 1 112 48 453 AND
2 1 453 488 617 XOR
1 1 454 457 INV
2 1 49 113 455 AND
1 1 455 456 INV
2 1 457 456 458 AND
1 1 458 459 INV
2 1 459 489 618 XOR
2 1 100 36 460 AND
2 1 460 480 605 XOR
2 1 15 461 463 XOR
2 1 463 462 583 XOR
1 1 464 467 INV
2 1 37 101 465 AND
1 1 465 466 INV
2 1 467 466 468 AND
1 1 468 469 INV
2 1 469 481 606 XOR
1 1 470 473 INV
2 1 29 93 471 AND
1 1 471 472 INV
2 1 473 472 474 AND
1 1 474 475 INV
2 1 475 512 598 XOR
2 1 68 4 476 AND
2 1 477 476 573 XOR
2 1 14 78 479 XOR
2 1 479 478 582 XOR
4 1 100 36 481 480 482 AND
1 1 482 483 INV
2 1 484 483 485 AND
2 1 103 485 487 XOR
2 1 487 486 607 XOR
4 1 112 48 489 488 490 AND
1 1 490 491 INV
2 1 492 491 493 AND
2 1 115 493 495 XOR
2 1 495 494 619 XOR
1 1 496 499 INV
2 1 17 81 497 AND
1 1 497 498 INV
2 1 499 498 500 AND
1 1 500 501 INV
2 1 501 504 586 XOR
2 1 6 70 503 XOR
2 1 503 502 574 XOR
4 1 16 80 519 504 505 AND
1 1 505 506 INV
2 1 507 506 508 AND
2 1 83 508 510 XOR
2 1 510 509 587 XOR
4 1 92 28 512 511 513 AND
1 1 513 514 INV
2 1 515 514 516 AND
2 1 95 516 518 XOR
2 1 518 517 599 XOR
2 1 16 80 520 AND
2 1 520 519 585 XOR
2 1 104 40 521 AND
2 1 521 551 609 XOR
1 1 522 525 INV
2 1 41 105 523 AND
1 1 523 524 INV
2 1 525 524 526 AND
1 1 526 527 INV
2 1 527 552 610 XOR
1 1 528 531 INV
2 1 21 85 529 AND
1 1 529 530 INV
2 1 531 530 532 AND
1 1 532 533 INV
2 1 533 538 590 XOR
2 1 27 534 536 XOR
2 1 536 535 595 XOR
4 1 84 20 538 537 539 AND
1 1 539 540 INV
2 1 541 540 542 AND
2 1 87 542 544 XOR
2 1 544 543 591 XOR
2 1 44 108 546 AND
2 1 546 545 613 XOR
2 1 88 24 547 AND
2 1 548 547 593 XOR
2 1 26 90 550 XOR
2 1 550 549 594 XOR
4 1 104 40 552 551 553 AND
1 1 553 554 INV
2 1 555 554 556 AND
2 1 107 556 558 XOR
2 1 558 557 611 XOR
2 1 120 56 559 AND
2 1 560 559 625 XOR
2 1 58 122 562 XOR
2 1 562 561 626 XOR
2 1 12 76 564 AND
2 1 564 563 581 XOR
2 1 126 565 567 XOR
2 1 567 566 630 XOR


